ci [0.814723686393179,0.905791937075619,0.126986816293506,0.913375856139019,0.632359246225410,0.097540404999410,0.278498218867048,0.546881519204984,0.957506835434298,0.964888535199277]

eigen -1.986050602989757
eigens [-0.269683656043512,-0.321940862630603,-0.008006771791087,-0.326404653048195,-0.173880303662067,-0.004737435894524,-0.037550986641579,-0.134009683038982,-0.352694087523220,-0.357142162715988]

coef1
0.904929598872363	0.892479070097153	0.996047011600309	0.891473839010153	0.931658124581625	0.997649023058051	0.982280529025825	0.944649556846450	0.885723649385784	0.884778462161165
-0.599085866194182	-0.634418280724547	-0.125605497450144	-0.637155464900669	-0.512357488495517	-0.0969095482431325	-0.264889328009242	-0.462960196131467	-0.652506034959353	-0.654980719478657
0.0573984887007386	0.0668213136994577	0.00199001952859007	0.0676069817707047	0.0389137499036419	0.00118025466788750	0.00914049555158614	0.0306829183857062	0.0721762094875563	0.0729397325313142
-0.00252519085534048	-0.00325082263430658	-1.40271491734589e-05	-0.00331506767448259	-0.00134207463713329	-6.39243615673157e-06	-0.000140854107058429	-0.000919007154831146	-0.00370016361849726	-0.00376642561780699
6.32514967687960e-05	9.02475797129485e-05	5.56371876669565e-08	9.27770452504068e-05	2.62423654134247e-05	1.94793735338997e-08	1.22305183605055e-06	1.55782949374877e-05	0.000108388631038444	0.000111150892928655
-1.01983519526066e-06	-1.61448458844806e-06	-1.41256489759314e-10	-1.67334312048648e-06	-3.29635802399548e-07	-3.79928584585742e-11	-6.80228425921455e-09	-1.69495102259451e-07	-2.04729080278141e-06	-2.11528784557100e-06
1.14553116486126e-08	2.01332109031047e-08	2.49070180873992e-13	2.10393672744256e-08	2.88136027661028e-09	5.14616943511569e-14	2.62845162481860e-11	1.28269245292752e-09	2.69656139309183e-08	2.80726379468963e-08
-9.47170798515556e-11	-1.84883101478958e-10	-3.22670848516871e-16	-1.94804537710462e-10	-1.85271772034910e-11	-5.12132251946685e-17	-7.46405433786103e-14	-7.13859314209407e-12	-2.61601555334212e-10	-2.74416243017770e-10
6.00357997713989e-13	1.30180750716843e-12	3.20055741153896e-19	1.38305603550407e-12	9.12827390668906e-14	3.90213598890932e-20	1.62311055314169e-16	3.04361603796089e-14	1.94624368648372e-12	2.05717944603459e-12
-3.00925873281827e-15	-7.24995760563703e-15	-2.50838986315946e-22	-7.76650738246465e-15	-3.55551904006216e-16	-2.34921193685406e-23	-2.78916493656665e-19	-1.02576252116579e-16	-1.14534279420053e-14	-1.21989378354622e-14

coef2
0	0	0	0	0	0	0	0	0	0
-0.599085866194182	-0.634418280724547	-0.125605497450144	-0.637155464900669	-0.512357488495517	-0.0969095482431325	-0.264889328009242	-0.462960196131467	-0.652506034959353	-0.654980719478657
0.114796977401477	0.133642627398915	0.00398003905718015	0.135213963541409	0.0778274998072837	0.00236050933577499	0.0182809911031723	0.0613658367714124	0.144352418975113	0.145879465062628
-0.00757557256602144	-0.00975246790291974	-4.20814475203766e-05	-0.00994520302344776	-0.00402622391139988	-1.91773084701947e-05	-0.000422562321175286	-0.00275702146449344	-0.0111004908554918	-0.0112992768534210
0.000253005987075184	0.000360990318851794	2.22548750667826e-07	0.000371108181001627	0.000104969461653699	7.79174941355989e-08	4.89220734420220e-06	6.23131797499510e-05	0.000433554524153778	0.000444603571714619
-5.09917597630331e-06	-8.07242294224030e-06	-7.06282448796569e-10	-8.36671560243239e-06	-1.64817901199774e-06	-1.89964292292871e-10	-3.40114212960727e-08	-8.47475511297256e-07	-1.02364540139071e-05	-1.05764392278550e-05
6.87318698916753e-08	1.20799265418628e-07	1.49442108524395e-12	1.26236203646554e-07	1.72881616596617e-08	3.08770166106942e-13	1.57707097489116e-10	7.69615471756512e-09	1.61793683585510e-07	1.68435827681378e-07
-6.63019558960889e-10	-1.29418171035270e-09	-2.25869593961810e-15	-1.36363176397323e-09	-1.29690240424437e-10	-3.58492576362679e-16	-5.22483803650272e-13	-4.99701519946585e-11	-1.83121088733948e-09	-1.92091370112439e-09
4.80286398171191e-12	1.04144600573474e-11	2.56044592923117e-18	1.10644482840325e-11	7.30261912535125e-13	3.12170879112745e-19	1.29848844251335e-15	2.43489283036871e-13	1.55699494918698e-11	1.64574355682767e-11
-2.70833285953644e-14	-6.52496184507332e-14	-2.25755087684351e-21	-6.98985664421818e-14	-3.19996713605594e-15	-2.11429074316866e-22	-2.51024844290998e-18	-9.23186269049210e-16	-1.03080851478047e-13	-1.09790440519160e-13







coef1 
0.904929598872363	-0.599085866194182	0.0573984887007386	-0.00252519085534048	6.32514967687960e-05	-1.01983519526066e-06	1.14553116486126e-08	-9.47170798515556e-11	6.00357997713989e-13	-3.00925873281827e-15
0.892479070097153	-0.634418280724547	0.0668213136994577	-0.00325082263430658	9.02475797129485e-05	-1.61448458844806e-06	2.01332109031047e-08	-1.84883101478958e-10	1.30180750716843e-12	-7.24995760563703e-15
0.996047011600309	-0.125605497450144	0.00199001952859007	-1.40271491734589e-05	5.56371876669565e-08	-1.41256489759314e-10	2.49070180873992e-13	-3.22670848516871e-16	3.20055741153896e-19	-2.50838986315946e-22
0.891473839010153	-0.637155464900669	0.0676069817707047	-0.00331506767448259	9.27770452504068e-05	-1.67334312048648e-06	2.10393672744256e-08	-1.94804537710462e-10	1.38305603550407e-12	-7.76650738246465e-15
0.931658124581625	-0.512357488495517	0.0389137499036419	-0.00134207463713329	2.62423654134247e-05	-3.29635802399548e-07	2.88136027661028e-09	-1.85271772034910e-11	9.12827390668906e-14	-3.55551904006216e-16
0.997649023058051	-0.0969095482431325	0.00118025466788750	-6.39243615673157e-06	1.94793735338997e-08	-3.79928584585742e-11	5.14616943511569e-14	-5.12132251946685e-17	3.90213598890932e-20	-2.34921193685406e-23
0.982280529025825	-0.264889328009242	0.00914049555158614	-0.000140854107058429	1.22305183605055e-06	-6.80228425921455e-09	2.62845162481860e-11	-7.46405433786103e-14	1.62311055314169e-16	-2.78916493656665e-19
0.944649556846450	-0.462960196131467	0.0306829183857062	-0.000919007154831146	1.55782949374877e-05	-1.69495102259451e-07	1.28269245292752e-09	-7.13859314209407e-12	3.04361603796089e-14	-1.02576252116579e-16
0.885723649385784	-0.652506034959353	0.0721762094875563	-0.00370016361849726	0.000108388631038444	-2.04729080278141e-06	2.69656139309183e-08	-2.61601555334212e-10	1.94624368648372e-12	-1.14534279420053e-14
0.884778462161165	-0.654980719478657	0.0729397325313142	-0.00376642561780699	0.000111150892928655	-2.11528784557100e-06	2.80726379468963e-08	-2.74416243017770e-10	2.05717944603459e-12	-1.21989378354622e-14


coef2
0	-0.599085866194182	0.114796977401477	-0.00757557256602144	0.000253005987075184	-5.09917597630331e-06	6.87318698916753e-08	-6.63019558960889e-10	4.80286398171191e-12	-2.70833285953644e-14
0	-0.634418280724547	0.133642627398915	-0.00975246790291974	0.000360990318851794	-8.07242294224030e-06	1.20799265418628e-07	-1.29418171035270e-09	1.04144600573474e-11	-6.52496184507332e-14
0	-0.125605497450144	0.00398003905718015	-4.20814475203766e-05	2.22548750667826e-07	-7.06282448796569e-10	1.49442108524395e-12	-2.25869593961810e-15	2.56044592923117e-18	-2.25755087684351e-21
0	-0.637155464900669	0.135213963541409	-0.00994520302344776	0.000371108181001627	-8.36671560243239e-06	1.26236203646554e-07	-1.36363176397323e-09	1.10644482840325e-11	-6.98985664421818e-14
0	-0.512357488495517	0.0778274998072837	-0.00402622391139988	0.000104969461653699	-1.64817901199774e-06	1.72881616596617e-08	-1.29690240424437e-10	7.30261912535125e-13	-3.19996713605594e-15
0	-0.0969095482431325	0.00236050933577499	-1.91773084701947e-05	7.79174941355989e-08	-1.89964292292871e-10	3.08770166106942e-13	-3.58492576362679e-16	3.12170879112745e-19	-2.11429074316866e-22
0	-0.264889328009242	0.0182809911031723	-0.000422562321175286	4.89220734420220e-06	-3.40114212960727e-08	1.57707097489116e-10	-5.22483803650272e-13	1.29848844251335e-15	-2.51024844290998e-18
0	-0.462960196131467	0.0613658367714124	-0.00275702146449344	6.23131797499510e-05	-8.47475511297256e-07	7.69615471756512e-09	-4.99701519946585e-11	2.43489283036871e-13	-9.23186269049210e-16
0	-0.652506034959353	0.144352418975113	-0.0111004908554918	0.000433554524153778	-1.02364540139071e-05	1.61793683585510e-07	-1.83121088733948e-09	1.55699494918698e-11	-1.03080851478047e-13
0	-0.654980719478657	0.145879465062628	-0.0112992768534210	0.000444603571714619	-1.05764392278550e-05	1.68435827681378e-07	-1.92091370112439e-09	1.64574355682767e-11	-1.09790440519160e-13


coef1
[[0.904929598872363, 0.892479070097153],
[-0.599085866194182, -0.634418280724547],
[0.0573984887007387, 0.0668213136994578],
[-0.00252519085534048, -0.00325082263430659],
[6.32514967687960e-05, 9.02475797129487e-05],
[-1.01983519526066e-06, -1.61448458844806e-06],
[1.14553116486126e-08, 2.01332109031048e-08],
[-9.47170798515555e-11, -1.84883101478958e-10],
[6.00357997713989e-13, 1.30180750716843e-12],
[-3.00925873281827e-15, -7.24995760563704e-15]]


coef2
[[0, 0],
[-0.599085866194182, -0.634418280724547],
[0.114796977401477, 0.133642627398916],
[-0.00757557256602144, -0.00975246790291976],
[0.000253005987075184, 0.000360990318851795],
[-5.09917597630331e-06, -8.07242294224032e-06],
[6.87318698916753e-08, 1.20799265418629e-07],
[-6.63019558960889e-10, -1.29418171035271e-09],
[4.80286398171191e-12, 1.04144600573475e-11],
[-2.70833285953644e-14, -6.52496184507333e-14]]




